date: '2025-12-16 23:13:27'
test/T-mAP: 0.3743073344230652
test/T-mAP-weighted: 0.5858864784240723
test/horizon-max-f-score: 0.40373101830482483
test/horizon-max-f-score-weighted: 0.5758222341537476
test/horizon-mean-time-step: 0.18776835501194
test/loss: 2.4039909839630127
test/loss__presence: 0.19543905556201935
test/loss_labels: 1.2331057786941528
test/loss_timestamps: 0.9754465818405151
test/match_cost_mean: -12.14585018157959
test/match_cost_std: 11.20095157623291
test/max_cost: 63.143489837646484
test/mean-predicted-length: 18.65207862854004
test/mean-target-length: 19.1509952545166
test/next-item-accuracy: 0.34187042713165283
test/next-item-hr@1: 0.34187042713165283
test/next-item-hr@10: 0.9397910833358765
test/next-item-hr@20: 1.0
test/next-item-hr@5: 0.78765869140625
test/next-item-mae: 0.2520814836025238
test/next-item-map: 0.1564289927482605
test/next-item-map-weighted: 0.27711600065231323
test/next-item-max-f-score: 0.2134103775024414
test/next-item-max-f-score-weighted: 0.3301427662372589
test/next-item-mean-time-step: 0.5162898302078247
test/next-item-mrr@1: 0.34187042713165283
test/next-item-mrr@10: 0.5281879901885986
test/next-item-mrr@20: 0.5329214930534363
test/next-item-mrr@5: 0.5072798132896423
test/next-item-ndcg@1: 0.34187042713165283
test/next-item-ndcg@10: 0.6269502639770508
test/next-item-ndcg@20: 0.6428707242012024
test/next-item-ndcg@5: 0.5771499276161194
test/next-item-rmse: 0.41281846165657043
test/next-k-label-distribution-delta: 4.721157550811768
test/optimal-transport-distance: 5.922576904296875
test/prediction_match_rate: 0.37958914041519165
test/sequence-labels-entropy: 0.9299659729003906
test/target-sequence-labels-entropy: 1.0758838653564453
test/target_match_rate: 1.0
val/T-mAP: 0.36665666103363037
val/T-mAP-weighted: 0.5692283511161804
val/horizon-max-f-score: 0.4063996970653534
val/horizon-max-f-score-weighted: 0.5685185790061951
val/horizon-mean-time-step: 0.1878269761800766
val/loss: 2.459205389022827
val/loss__presence: 0.20172592997550964
val/loss_labels: 1.253554344177246
val/loss_timestamps: 1.0039253234863281
val/match_cost_mean: -12.05539321899414
val/match_cost_std: 11.36695671081543
val/max_cost: 63.142452239990234
val/mean-predicted-length: 18.593666076660156
val/mean-target-length: 19.335750579833984
val/next-item-accuracy: 0.3316468596458435
val/next-item-hr@1: 0.3316468596458435
val/next-item-hr@10: 0.9381372332572937
val/next-item-hr@20: 1.0
val/next-item-hr@5: 0.7816532254219055
val/next-item-mae: 0.25798821449279785
val/next-item-map: 0.1535777896642685
val/next-item-map-weighted: 0.2665727436542511
val/next-item-max-f-score: 0.21684880554676056
val/next-item-max-f-score-weighted: 0.3242306411266327
val/next-item-mean-time-step: 0.5104750990867615
val/next-item-mrr@1: 0.3316468596458435
val/next-item-mrr@10: 0.5196043848991394
val/next-item-mrr@20: 0.524463415145874
val/next-item-mrr@5: 0.4981243908405304
val/next-item-ndcg@1: 0.3316468596458435
val/next-item-ndcg@10: 0.6199185848236084
val/next-item-ndcg@20: 0.6362705826759338
val/next-item-ndcg@5: 0.5687185525894165
val/next-item-rmse: 0.4180421531200409
val/next-k-label-distribution-delta: 4.811141014099121
val/optimal-transport-distance: 6.014313220977783
val/prediction_match_rate: 0.3808794617652893
val/sequence-labels-entropy: 0.9029556512832642
val/target-sequence-labels-entropy: 1.059090495109558
val/target_match_rate: 1.0
