date: '2025-12-24 04:51:32'
test/T-mAP: 0.01639358326792717
test/T-mAP-weighted: 0.035248689353466034
test/horizon-max-f-score: 0.07727691531181335
test/horizon-max-f-score-weighted: 0.1382167935371399
test/horizon-mean-time-step: 0.205869659781456
test/loss: 266.1129455566406
test/loss__presence: 0.0
test/loss_labels: 256.01483154296875
test/loss_timestamps: 10.098006248474121
test/match_cost_mean: 219.71212768554688
test/match_cost_std: 199.1017303466797
test/max_cost: 776.8786010742188
test/mean-predicted-length: 2.930194854736328
test/mean-target-length: 19.162338256835938
test/next-item-accuracy: 0.06920082867145538
test/next-item-hr@1: 0.06920082867145538
test/next-item-hr@10: 0.5664811730384827
test/next-item-hr@20: 1.0
test/next-item-hr@5: 0.3572818636894226
test/next-item-mae: 7.348709583282471
test/next-item-map: 0.05166398361325264
test/next-item-map-weighted: 0.13121385872364044
test/next-item-max-f-score: 0.10925266146659851
test/next-item-max-f-score-weighted: 0.2521454095840454
test/next-item-mean-time-step: 0.7636654376983643
test/next-item-mrr@1: 0.06920082867145538
test/next-item-mrr@10: 0.1938411444425583
test/next-item-mrr@20: 0.2237015962600708
test/next-item-mrr@5: 0.16609425842761993
test/next-item-ndcg@1: 0.06920082867145538
test/next-item-ndcg@10: 0.28067320585250854
test/next-item-ndcg@20: 0.3901516795158386
test/next-item-ndcg@5: 0.2131957858800888
test/next-item-rmse: 8.840909957885742
test/next-k-label-distribution-delta: 9.001803398132324
test/optimal-transport-distance: 9.848018646240234
test/prediction_match_rate: 0.4179217219352722
test/presence_loss_weight: 0.0
test/sequence-labels-entropy: 0.04017883539199829
test/target-sequence-labels-entropy: 1.623494267463684
test/target_match_rate: 1.0
val/T-mAP: 0.018310582265257835
val/T-mAP-weighted: 0.03800705820322037
val/horizon-max-f-score: 0.07957235723733902
val/horizon-max-f-score-weighted: 0.1401471197605133
val/horizon-mean-time-step: 0.20675785839557648
val/loss: 254.83645629882812
val/loss__presence: 0.0
val/loss_labels: 245.19456481933594
val/loss_timestamps: 9.642102241516113
val/match_cost_mean: 211.05776977539062
val/match_cost_std: 195.51161193847656
val/max_cost: 761.2945556640625
val/mean-predicted-length: 3.18013858795166
val/mean-target-length: 19.35912322998047
val/next-item-accuracy: 0.07405225187540054
val/next-item-hr@1: 0.07405225187540054
val/next-item-hr@10: 0.5657018423080444
val/next-item-hr@20: 1.0
val/next-item-hr@5: 0.3533555269241333
val/next-item-mae: 7.218779563903809
val/next-item-map: 0.052248235791921616
val/next-item-map-weighted: 0.128808856010437
val/next-item-max-f-score: 0.11011763662099838
val/next-item-max-f-score-weighted: 0.24640826880931854
val/next-item-mean-time-step: 0.7722418308258057
val/next-item-mrr@1: 0.07405225187540054
val/next-item-mrr@10: 0.19651120901107788
val/next-item-mrr@20: 0.22648437321186066
val/next-item-mrr@5: 0.16850751638412476
val/next-item-ndcg@1: 0.07405225187540054
val/next-item-ndcg@10: 0.2823902368545532
val/next-item-ndcg@20: 0.3921387791633606
val/next-item-ndcg@5: 0.21406154334545135
val/next-item-rmse: 8.716442108154297
val/next-k-label-distribution-delta: 8.981524467468262
val/optimal-transport-distance: 9.824490547180176
val/prediction_match_rate: 0.4221220910549164
val/presence_loss_weight: 0.0
val/sequence-labels-entropy: 0.035171184688806534
val/target-sequence-labels-entropy: 1.6527801752090454
val/target_match_rate: 1.0
