date: '2025-12-24 10:20:59'
test/T-mAP: 0.01002474781125784
test/T-mAP-weighted: 0.0194373968988657
test/horizon-max-f-score: 0.058940015733242035
test/horizon-max-f-score-weighted: 0.08856387436389923
test/horizon-mean-time-step: 0.10185901820659637
test/loss: 157.58169555664062
test/loss__presence: 21.92894172668457
test/loss_labels: 126.78244018554688
test/loss_timestamps: 8.870505332946777
test/match_cost_mean: -109.17957305908203
test/match_cost_std: 99.96058654785156
test/max_cost: 240.65313720703125
test/mean-predicted-length: 40.81908416748047
test/mean-target-length: 19.162338256835938
test/next-item-accuracy: 0.1315901130437851
test/next-item-hr@1: 0.1315901130437851
test/next-item-hr@10: 0.599578320980072
test/next-item-hr@20: 1.0
test/next-item-hr@5: 0.3988248109817505
test/next-item-mae: 1.976509690284729
test/next-item-map: 0.05262155830860138
test/next-item-map-weighted: 0.13246771693229675
test/next-item-max-f-score: 0.10925407707691193
test/next-item-max-f-score-weighted: 0.2521497309207916
test/next-item-mean-time-step: 0.5532809495925903
test/next-item-mrr@1: 0.1315901130437851
test/next-item-mrr@10: 0.24640631675720215
test/next-item-mrr@20: 0.2738396227359772
test/next-item-mrr@5: 0.2201545536518097
test/next-item-ndcg@1: 0.1315901130437851
test/next-item-ndcg@10: 0.32855042815208435
test/next-item-ndcg@20: 0.4294843375682831
test/next-item-ndcg@5: 0.264173686504364
test/next-item-rmse: 4.049013614654541
test/next-k-label-distribution-delta: 8.415224075317383
test/optimal-transport-distance: 9.526683807373047
test/prediction_match_rate: 0.4179217219352722
test/presence_loss_weight: 1.0
test/sequence-labels-entropy: 0.2595226466655731
test/target-sequence-labels-entropy: 1.623494267463684
test/target_match_rate: 1.0
val/T-mAP: 0.009676840156316757
val/T-mAP-weighted: 0.017613088712096214
val/horizon-max-f-score: 0.05752243101596832
val/horizon-max-f-score-weighted: 0.08440036326646805
val/horizon-mean-time-step: 0.09474407881498337
val/loss: 153.24742126464844
val/loss__presence: 21.686996459960938
val/loss_labels: 122.71381378173828
val/loss_timestamps: 8.846513748168945
val/match_cost_mean: -113.0628890991211
val/match_cost_std: 99.44154357910156
val/max_cost: 235.68515014648438
val/mean-predicted-length: 41.677059173583984
val/mean-target-length: 19.35912322998047
val/next-item-accuracy: 0.12894466519355774
val/next-item-hr@1: 0.12894466519355774
val/next-item-hr@10: 0.6015625
val/next-item-hr@20: 1.0
val/next-item-hr@5: 0.39751535654067993
val/next-item-mae: 1.9104050397872925
val/next-item-map: 0.053050339221954346
val/next-item-map-weighted: 0.1292477250099182
val/next-item-max-f-score: 0.10971415042877197
val/next-item-max-f-score-weighted: 0.24631336331367493
val/next-item-mean-time-step: 0.5472614169120789
val/next-item-mrr@1: 0.12894466519355774
val/next-item-mrr@10: 0.24533186852931976
val/next-item-mrr@20: 0.27267181873321533
val/next-item-mrr@5: 0.21864329278469086
val/next-item-ndcg@1: 0.12894466519355774
val/next-item-ndcg@10: 0.32817262411117554
val/next-item-ndcg@20: 0.42865854501724243
val/next-item-ndcg@5: 0.26273003220558167
val/next-item-rmse: 4.0001325607299805
val/next-k-label-distribution-delta: 8.4611234664917
val/optimal-transport-distance: 9.5451078414917
val/prediction_match_rate: 0.4221220910549164
val/presence_loss_weight: 1.0
val/sequence-labels-entropy: 0.24580566585063934
val/target-sequence-labels-entropy: 1.6527801752090454
val/target_match_rate: 1.0
