date: '2025-12-24 16:42:53'
test/T-mAP: 0.12151433527469635
test/T-mAP-weighted: 0.2444661557674408
test/horizon-max-f-score: 0.22834524512290955
test/horizon-max-f-score-weighted: 0.40988796949386597
test/horizon-mean-time-step: 0.1750362515449524
test/loss: 4.207859992980957
test/loss__presence: 0.0
test/loss_labels: 3.1147701740264893
test/loss_timestamps: 1.0930874347686768
test/match_cost_mean: 0.30950528383255005
test/match_cost_std: 4.173097610473633
test/max_cost: 48.4493522644043
test/mean-predicted-length: 14.175324440002441
test/mean-target-length: 19.162338256835938
test/next-item-accuracy: 0.1449013203382492
test/next-item-hr@1: 0.1449013203382492
test/next-item-hr@10: 0.6242421269416809
test/next-item-hr@20: 1.0
test/next-item-hr@5: 0.4277801215648651
test/next-item-mae: 0.4183163046836853
test/next-item-map: 0.051717277616262436
test/next-item-map-weighted: 0.13194133341312408
test/next-item-max-f-score: 0.10941170156002045
test/next-item-max-f-score-weighted: 0.25218141078948975
test/next-item-mean-time-step: 0.5156719088554382
test/next-item-mrr@1: 0.1449013203382492
test/next-item-mrr@10: 0.2777458429336548
test/next-item-mrr@20: 0.30470776557922363
test/next-item-mrr@5: 0.2523443400859833
test/next-item-ndcg@1: 0.1449013203382492
test/next-item-ndcg@10: 0.3588530719280243
test/next-item-ndcg@20: 0.45507296919822693
test/next-item-ndcg@5: 0.2961466908454895
test/next-item-rmse: 0.5279777646064758
test/next-k-label-distribution-delta: 6.96248197555542
test/optimal-transport-distance: 8.552810668945312
test/prediction_match_rate: 0.4179217219352722
test/presence_loss_weight: 0.0
test/sequence-labels-entropy: 1.3004450798034668
test/target-sequence-labels-entropy: 1.623494267463684
test/target_match_rate: 1.0
val/T-mAP: 0.12480493634939194
val/T-mAP-weighted: 0.24441704154014587
val/horizon-max-f-score: 0.2340051680803299
val/horizon-max-f-score-weighted: 0.40876680612564087
val/horizon-mean-time-step: 0.1768881231546402
val/loss: 4.021765232086182
val/loss__presence: 0.0
val/loss_labels: 2.9089393615722656
val/loss_timestamps: 1.1128242015838623
val/match_cost_mean: 0.16745445132255554
val/match_cost_std: 3.825413227081299
val/max_cost: 46.69419860839844
val/mean-predicted-length: 14.289838790893555
val/mean-target-length: 19.35912322998047
val/next-item-accuracy: 0.1457991749048233
val/next-item-hr@1: 0.1457991749048233
val/next-item-hr@10: 0.6269979476928711
val/next-item-hr@20: 1.0
val/next-item-hr@5: 0.4275614619255066
val/next-item-mae: 0.42080768942832947
val/next-item-map: 0.0515369288623333
val/next-item-map-weighted: 0.1271752417087555
val/next-item-max-f-score: 0.10977272689342499
val/next-item-max-f-score-weighted: 0.24628794193267822
val/next-item-mean-time-step: 0.5100803971290588
val/next-item-mrr@1: 0.1457991749048233
val/next-item-mrr@10: 0.2786426544189453
val/next-item-mrr@20: 0.3054714500904083
val/next-item-mrr@5: 0.25288164615631104
val/next-item-ndcg@1: 0.1457991749048233
val/next-item-ndcg@10: 0.36013928055763245
val/next-item-ndcg@20: 0.45573121309280396
val/next-item-ndcg@5: 0.29650700092315674
val/next-item-rmse: 0.5321901440620422
val/next-k-label-distribution-delta: 6.929176330566406
val/optimal-transport-distance: 8.599617958068848
val/prediction_match_rate: 0.4221220910549164
val/presence_loss_weight: 0.0
val/sequence-labels-entropy: 1.3404045104980469
val/target-sequence-labels-entropy: 1.6527801752090454
val/target_match_rate: 1.0
